#Layer_Color=32768
#
#Feature symbol names
#
$0 r5
$1 r3.937

#
#Feature attribute names
#

#
#Layer features
#
L -0.0030406 0.210364 0.0323925 0.210364 1 P 0
L -0.0075591 0.3509449 -0.0075591 0.4690552 1 P 0
L -0.0075591 0.3509449 0.047559 0.3509449 1 P 0
L -0.0075591 0.4690552 0.047559 0.4690552 1 P 0
L -0.0128831 0.1513089 -0.0128831 0.2694192 1 P 0
L -0.0128831 0.1513089 0.042235 0.1513089 1 P 0
L -0.0128831 0.2694192 0.042235 0.2694192 1 P 0
L -0.0375384 0.0300443 -0.0375384 0.0654774 1 P 0
L -0.0552549 0.0477608 -0.0198218 0.0477608 1 P 0
L -0.0965935 0.0202018 -0.0965935 0.0753199 1 P 0
L -0.0965935 0.0202018 0.0215168 0.0202018 1 P 0
L -0.0965935 0.0753199 0.0215168 0.0753199 1 P 0
L 0.0022834 0.41 0.0377165 0.41 1 P 0
L 0.014676 0.1926475 0.014676 0.2280806 1 P 0
L 0.02 0.3922835 0.02 0.4277166 1 P 0
L 0.0215168 0.0202018 0.0215168 0.0753199 1 P 0
L 0.042235 0.1513089 0.042235 0.2694192 1 P 0
L 0.046441 0.1709448 0.046441 0.2890551 1 P 0
L 0.046441 0.1709448 0.1015591 0.1709448 1 P 0
L 0.046441 0.2890551 0.1015591 0.2890551 1 P 0
L 0.047559 0.3509449 0.047559 0.4690552 1 P 0
L 0.0562835 0.23 0.0917166 0.23 1 P 0
L 0.07 0.3 0.07 0.475 0 P 0
L 0.07 0.3 0.19 0.3 0 P 0
L 0.07 0.475 0.19 0.475 0 P 0
L 0.074 0.2122834 0.074 0.2477165 1 P 0
L 0.1 0.39 0.13 0.39 0 P 0
L 0.1015591 0.1709448 0.1015591 0.2890551 1 P 0
L 0.1074266 0.1709448 0.1074266 0.2890551 1 P 0
L 0.1074266 0.1709448 0.1625447 0.1709448 1 P 0
L 0.1074266 0.2890551 0.1625447 0.2890551 1 P 0
L 0.1172691 0.23 0.1527022 0.23 1 P 0
L 0.13 0.36 0.13 0.39 0 P 0
L 0.13 0.39 0.13 0.42 0 P 0
L 0.13 0.39 0.16 0.39 0 P 0
L 0.1349856 0.2122834 0.1349856 0.2477165 1 P 0
L 0.1625447 0.1709448 0.1625447 0.2890551 1 P 0
L 0.1674409 0.1509449 0.1674409 0.2690552 1 P 0
L 0.1674409 0.1509449 0.222559 0.1509449 1 P 0
L 0.1674409 0.2690552 0.222559 0.2690552 1 P 0
L 0.1772834 0.21 0.2127165 0.21 1 P 0
L 0.1809449 0.0232738 0.1809449 0.0783919 1 P 0
L 0.1809449 0.0232738 0.2990552 0.0232738 1 P 0
L 0.1809449 0.0783919 0.2990552 0.0783919 1 P 0
L 0.19 0.3 0.19 0.475 0 P 0
L 0.195 0.1922835 0.195 0.2277166 1 P 0
L 0.2222835 0.0508328 0.2577166 0.0508328 1 P 0
L 0.222559 0.1509449 0.222559 0.2690552 1 P 0
L 0.24 0.0331163 0.24 0.0685494 1 P 0
L 0.2990552 0.0232738 0.2990552 0.0783919 1 P 0
